- child_frame_id: locobot_wx200/plate_link
  frame_id: locobot_wx200/base_link
  qw: 1.0
  qx: 2.2898349882893844e-16
  qy: -2.775557561562892e-16
  qz: -1.1102230246251559e-16
  x: 0.0024268285571144577
  y: -0.00326572293097218
  z: 0.09302428407407187
